<svg version="1.1" id="Layer_1" xmlns="http://www.w3.org/2000/svg" xmlns:xlink="http://www.w3.org/1999/xlink" x="0px" y="0px" width="649" viewBox="0 0 649 662" enable-background="new 0 0 649 662" xml:space="preserve" height="662">
<path fill="#000000" opacity="1.000000" stroke="none" d="
M650.000000,241.000000 
	C650.000000,381.999969 650.000000,522.499939 650.000000,663.000000 
	C433.666718,663.000000 217.333420,663.000000 1.000096,663.000000 
	C1.000064,442.333405 1.000064,221.666809 1.000032,1.000155 
	C217.333237,1.000103 433.666473,1.000103 649.999878,1.000052 
	C650.000000,80.833336 650.000000,160.666672 650.000000,241.000000 
M438.117218,342.467041 
	C438.318420,342.776886 438.600464,342.897308 439.431946,342.960846 
	C439.431946,342.960846 439.913086,343.036011 440.233337,343.630280 
	C442.806915,345.453552 445.380524,347.276825 448.194885,349.618896 
	C448.784058,350.084198 449.373260,350.549500 450.222168,351.580505 
	C451.142212,352.401947 452.062286,353.223389 453.248505,354.628052 
	C454.222931,355.760986 455.197388,356.893921 456.193878,358.516663 
	C456.344452,358.836395 456.592590,359.032898 457.144318,359.524933 
	C457.333862,359.791199 457.587799,359.961365 457.991150,360.709503 
	C458.941803,362.166260 459.892426,363.623047 460.980103,365.688782 
	C461.606628,366.477356 462.233154,367.265900 462.955292,368.801697 
	C465.594147,376.222168 468.233002,383.642639 470.963379,391.709106 
	C471.038574,392.136993 471.113770,392.564911 471.083252,393.823242 
	C471.390198,396.251129 471.715149,398.676880 472.000427,401.107300 
	C472.660553,406.731537 473.301483,412.358063 473.981232,418.641571 
	C473.954559,419.079742 473.927887,419.517914 473.339325,420.500732 
	C473.305847,431.002869 473.272369,441.505005 473.099304,452.654755 
	C473.039825,453.092407 472.980377,453.530090 472.353485,454.484741 
	C472.784851,457.238159 469.865112,460.402069 473.975098,462.872192 
	C474.376007,462.809998 474.776886,462.747772 475.829926,463.212219 
	C481.904907,463.187531 487.979889,463.162811 494.459808,463.072266 
	C494.459808,463.072266 494.869995,463.065277 495.087372,463.496613 
	C495.445374,463.360260 495.803375,463.223877 497.052277,463.036377 
	C506.907257,461.371155 517.223816,460.989838 526.480896,457.661621 
	C534.898438,454.635254 543.454834,449.664612 549.653076,443.310486 
	C560.535889,432.153992 566.585205,417.627045 571.949219,402.358429 
	C571.979065,401.935608 572.008911,401.512817 572.636780,400.740173 
	C573.026184,399.488464 573.415588,398.236725 573.968506,396.348022 
	C574.015564,395.912323 574.062622,395.476654 574.716431,394.621948 
	C575.246094,392.905792 575.854614,391.209412 576.290344,389.469727 
	C577.497253,384.650665 578.632080,379.813568 579.929688,374.342438 
	C579.996582,373.911041 580.063416,373.479614 580.728455,372.571381 
	C581.093506,370.042969 581.458496,367.514526 581.940247,364.253235 
	C581.991394,363.513885 582.042603,362.774536 582.686584,361.606354 
	C582.742798,360.403259 582.798950,359.200134 583.035645,357.127441 
	C583.053040,354.761963 583.070435,352.396484 583.711670,349.579315 
	C583.772034,348.050232 583.832458,346.521118 583.999329,344.072449 
	C584.017761,340.054749 584.036255,336.037079 584.656677,331.624512 
	C584.479919,330.065002 584.303162,328.505493 584.056458,326.099030 
	C584.014099,324.401245 583.971802,322.703461 584.051819,320.211487 
	C583.755554,318.452545 583.459290,316.693604 583.091858,314.089325 
	C583.022156,312.396423 582.952454,310.703491 582.979736,308.338043 
	C582.710388,307.535614 582.441040,306.733185 582.099182,305.073975 
	C582.076050,303.913574 582.232178,302.716461 582.003174,301.598206 
	C577.694763,280.555023 570.596008,260.900421 556.270447,244.186340 
	C540.511658,225.800095 520.268311,217.544022 496.816254,216.021286 
	C487.970306,215.446945 479.053925,215.969894 470.169647,215.971619 
	C440.018158,215.977448 409.866241,216.071136 379.715454,215.924713 
	C368.116058,215.868393 356.458466,215.866623 344.939636,214.716339 
	C334.780212,213.701782 326.445007,208.877411 322.841431,198.368149 
	C318.682526,186.239288 322.700958,175.922287 330.796051,167.134827 
	C333.541107,164.154968 338.194244,162.932846 342.516541,161.340576 
	C343.590027,162.564301 344.502289,163.994293 345.762451,164.979126 
	C355.920746,172.917877 367.720428,173.257843 379.899445,172.623749 
	C386.913666,172.258545 394.040924,172.643661 400.147644,177.095108 
	C404.004150,179.906296 407.742615,182.964508 411.894470,185.259933 
	C415.540009,187.275436 415.535675,189.782516 414.371429,192.975082 
	C414.033386,193.901993 413.443970,194.750687 413.195892,195.694656 
	C412.137299,199.723038 413.487610,201.106476 417.586853,200.352264 
	C421.936279,199.552032 426.418579,199.210831 430.623962,197.943024 
	C441.205383,194.753067 450.543793,189.835144 454.522583,177.937714 
	C454.652039,177.633606 454.781494,177.329514 454.978699,176.510666 
	C454.953552,176.339432 454.928406,176.168198 455.272705,175.348907 
	C458.337067,174.257004 461.329773,172.835251 464.482513,172.150299 
	C469.238068,171.117096 472.315460,168.529083 473.971466,163.561600 
	C473.971466,163.561600 474.069885,163.139206 474.655579,162.778183 
	C475.071045,161.513397 475.486511,160.248611 476.038422,158.158600 
	C476.318085,155.095459 476.597748,152.032333 476.873901,148.466553 
	C476.626007,148.257690 476.378113,148.048813 476.024506,147.423019 
	C476.024506,147.423019 475.882080,147.017151 476.023865,146.349823 
	C475.757507,145.537415 475.491119,144.725021 475.111206,143.170074 
	C471.699799,132.422440 467.262115,129.118652 456.368164,128.930099 
	C453.930267,128.887924 451.431458,128.554520 449.081238,127.913383 
	C438.897278,125.135223 429.344208,121.571686 424.779022,110.611481 
	C423.446808,107.413055 421.140900,104.156639 418.401245,102.098122 
	C411.223724,96.705124 403.560699,91.958298 395.798218,86.337044 
	C387.468964,73.611618 375.793274,64.810356 362.840790,57.185257 
	C349.857880,49.542252 337.358704,41.083092 332.707397,25.357288 
	C332.546997,24.815027 331.509552,24.532192 330.801422,24.077404 
	C325.635620,40.467300 337.407135,60.927666 350.206879,70.995865 
	C339.011200,66.261391 327.430511,62.256626 316.718994,56.604591 
	C303.828705,49.802895 293.793610,39.448586 286.087341,26.159239 
	C285.163849,24.748037 284.240326,23.336834 283.316803,21.925631 
	C282.885437,22.197285 282.454041,22.468939 282.022644,22.740593 
	C281.605652,44.780647 290.376678,63.009666 305.992706,78.290787 
	C301.833771,78.290787 298.033325,78.290787 293.341827,78.290787 
	C295.678986,81.197876 297.246368,83.147530 299.636383,86.120384 
	C280.646301,85.046280 263.814331,87.589340 248.523056,96.480202 
	C248.582245,96.933319 248.641418,97.386444 248.700592,97.839569 
	C255.106781,99.269440 261.512939,100.699318 267.748169,102.578102 
	C267.539154,102.826363 267.291748,103.027412 266.224030,103.077080 
	C255.048477,105.856964 244.797440,110.528290 235.936157,117.921120 
	C235.936157,117.921120 235.920181,117.858940 235.267136,117.977760 
	C234.144485,118.958603 233.021835,119.939445 231.968719,120.950394 
	C231.968719,120.950394 231.927307,120.886925 231.237732,121.005249 
	C226.854980,125.037804 222.472214,129.070358 218.089462,133.102905 
	C218.337967,133.377029 218.586472,133.651154 218.834976,133.925262 
	C225.198212,132.985550 231.561462,132.045837 237.930374,131.485229 
	C237.930374,131.485229 237.918854,131.864227 237.242020,131.998077 
	C234.440506,134.642410 231.638992,137.286743 228.427933,140.113113 
	C228.172073,140.294388 228.007080,140.537369 227.332870,141.153137 
	C225.209427,143.762146 223.085983,146.371155 221.000824,149.002777 
	C221.000824,149.002777 220.977982,148.964813 220.357788,149.212051 
	C219.209946,150.792480 218.062119,152.372910 216.972504,153.982635 
	C216.972504,153.982635 216.947433,153.922485 216.340515,154.183273 
	C215.533310,155.441040 214.726120,156.698792 213.976044,157.986191 
	C213.976044,157.986191 213.951141,157.926849 213.378357,158.225723 
	C212.886734,159.138657 212.395126,160.051575 211.474243,161.149536 
	C211.208847,161.337326 211.030579,161.587234 210.368744,162.284988 
	C208.127380,166.367264 205.886017,170.449539 203.114761,175.496948 
	C208.735626,173.318146 213.027374,171.654526 218.286377,169.615982 
	C217.094788,175.545090 216.144089,180.275513 215.066574,185.655624 
	C215.022278,186.094666 214.977982,186.533707 214.439621,187.298798 
	C214.367203,187.868683 214.294785,188.438568 214.092422,189.736801 
	C214.019699,190.472992 213.946976,191.209198 213.359955,192.376404 
	C213.311523,193.253387 213.263077,194.130386 213.107468,195.791504 
	C213.032059,196.843735 212.956650,197.895966 212.363327,199.375122 
	C212.311203,200.252487 212.259079,201.129852 212.098480,202.869690 
	C212.022995,204.894424 211.947510,206.919144 211.305771,209.509857 
	C211.265671,211.675262 211.225586,213.840668 211.077881,216.936966 
	C211.127792,223.621613 211.177689,230.306244 211.098038,237.782135 
	C211.361557,239.539902 211.625092,241.297668 211.974533,243.790085 
	C212.054092,244.524689 212.133636,245.259293 212.082321,246.708435 
	C212.352509,247.823273 212.622696,248.938110 212.991364,250.700943 
	C213.066467,251.131149 213.141571,251.561356 213.089447,252.651672 
	C213.360229,253.450546 213.631012,254.249420 213.987961,255.698547 
	C214.063278,256.128845 214.138596,256.559113 214.098907,257.770782 
	C216.357742,264.534058 218.616577,271.297302 220.999023,278.704803 
	C221.630157,279.816986 222.261292,280.929138 222.994675,282.694061 
	C223.628433,283.813019 224.262177,284.931946 225.003067,286.623383 
	C225.296188,287.097443 225.589294,287.571503 225.977768,288.691315 
	C226.636337,289.498291 227.294907,290.305298 228.039474,291.728912 
	C228.655853,292.500458 229.272232,293.272034 230.003418,294.696564 
	C230.990479,295.815063 231.977539,296.933533 232.994049,298.001312 
	C232.994049,298.001312 232.943863,298.031769 233.054794,298.683929 
	C234.012466,299.844879 234.970139,301.005859 236.273315,302.724945 
	C241.145676,306.831909 246.018021,310.938843 251.231049,315.623962 
	C253.159698,316.670227 255.088348,317.716492 257.613190,319.103851 
	C259.061798,319.739441 260.510406,320.375031 262.139526,321.447327 
	C262.330566,321.750702 262.603058,321.873749 263.587494,321.967285 
	C264.018677,321.996246 264.449890,322.025208 265.266296,322.601776 
	C266.512268,323.000885 267.758209,323.399994 269.650085,323.956512 
	C270.091919,323.991119 270.533752,324.025757 271.475586,324.639618 
	C275.652771,325.351868 279.829987,326.064117 284.661469,326.909271 
	C285.105072,326.945770 285.548645,326.982269 286.471039,327.610352 
	C287.983063,327.663086 289.495087,327.715820 291.924683,327.915344 
	C295.976624,327.971924 300.028595,328.028503 304.233459,328.392303 
	C304.487762,328.286652 304.742096,328.181000 305.849152,328.048096 
	C307.555206,328.059937 309.261230,328.071747 311.508820,328.672272 
	C313.140839,328.714630 314.772827,328.757019 317.286255,328.902985 
	C328.160126,328.881195 339.033997,328.859406 350.852875,328.928925 
	C361.904297,328.873108 372.955688,328.817261 384.908142,328.878174 
	C387.938965,328.944244 390.969757,329.010315 394.485229,329.651428 
	C395.992645,329.682404 397.500061,329.713409 399.742188,329.878052 
	C400.486420,329.938812 401.230652,329.999603 402.433502,330.621246 
	C403.623840,330.676270 404.814178,330.731293 406.743988,330.888824 
	C407.488373,330.944275 408.232727,330.999695 409.294434,331.556885 
	C409.865234,331.637115 410.436066,331.717316 411.655609,331.937225 
	C412.096222,331.976135 412.536804,332.015045 413.452850,332.636292 
	C417.304993,333.690369 421.157104,334.744476 425.463074,335.931213 
	C425.463074,335.931213 425.925446,336.030121 426.319427,336.613708 
	C428.529083,337.447418 430.738708,338.281097 433.270355,339.581726 
	C433.808411,339.739258 434.346497,339.896790 435.198822,340.619904 
	C436.120148,341.105591 437.041473,341.591248 437.985413,342.019928 
	C437.985413,342.019928 437.924103,342.021393 438.117218,342.467041 
M388.905731,636.838623 
	C389.354828,638.089722 389.803955,639.340820 390.332886,640.814270 
	C391.016693,640.159729 391.452728,639.932617 391.445648,639.720154 
	C391.361542,637.189270 391.240204,634.658630 391.073944,632.131531 
	C390.119904,617.626892 385.847748,604.438538 376.093964,593.279480 
	C374.088684,590.985229 372.832825,588.035950 370.702118,584.513428 
	C384.896210,585.288269 397.543945,585.978699 410.502777,586.686096 
	C406.961639,582.700562 404.309174,579.574219 401.500092,576.595642 
	C398.987091,573.931030 399.837585,572.862610 403.062134,572.085144 
	C412.445801,569.822998 422.019714,568.025574 431.059021,564.769043 
	C437.532135,562.436890 443.265015,558.049988 449.328186,554.579834 
	C429.773590,552.215088 429.773590,552.215088 426.927734,549.102783 
	C442.970276,539.007202 458.879364,528.764099 468.130249,511.294800 
	C461.647156,511.972687 455.109192,512.656311 448.571228,513.339905 
	C448.403931,512.882446 448.236633,512.424927 448.069336,511.967468 
	C458.820770,500.471283 467.446869,487.766907 472.601562,471.478668 
	C466.317322,474.714630 461.486298,477.202271 455.768036,480.146790 
	C456.113922,477.651428 456.305603,476.381470 456.464142,475.107361 
	C457.967163,463.029266 460.502655,450.963379 460.653351,438.867950 
	C460.787476,428.104401 459.064362,417.138275 456.781738,406.559113 
	C450.941071,379.489288 434.950653,360.570312 409.219513,349.886047 
	C394.959290,343.964813 379.909241,342.520966 364.835083,342.172241 
	C341.025574,341.621460 317.191559,342.220428 293.373230,341.916748 
	C283.263733,341.787842 273.000214,341.528137 263.097046,339.729309 
	C233.892914,334.424683 214.124207,317.127045 203.932938,289.457367 
	C194.716980,264.435699 195.231140,238.612946 199.544098,212.677963 
	C199.778442,211.268845 199.178970,209.721069 198.047501,208.069519 
	C180.524323,207.691788 162.821640,206.910355 146.318756,213.997437 
	C138.186630,217.489731 129.490784,221.553894 123.535965,227.748856 
	C116.288513,235.288605 110.901833,244.955154 106.046486,254.389420 
	C94.008514,277.779968 89.454575,303.326111 88.305618,329.226776 
	C87.628532,344.490234 89.113083,360.014709 91.245415,375.194275 
	C93.714020,392.767609 99.480789,409.481903 110.450050,423.925201 
	C118.310684,434.275330 128.083252,442.004211 140.080612,447.287170 
	C155.348312,454.010193 171.562057,454.630524 187.625061,454.821808 
	C230.945877,455.337677 274.276947,454.961914 317.603790,455.028534 
	C326.183167,455.041718 334.369934,457.078003 341.296875,462.295471 
	C353.967255,471.839020 357.295441,490.307922 344.417755,500.525421 
	C340.770966,503.418854 335.521027,504.291809 330.375885,505.728455 
	C321.074921,500.616669 311.191101,498.192627 300.519928,498.761383 
	C284.216980,499.630249 270.135468,493.795959 257.665009,483.729584 
	C255.751190,482.184784 254.154617,479.851196 253.337738,477.553131 
	C253.042892,476.723694 255.654419,475.040649 256.576752,473.526093 
	C257.065918,472.722870 256.777466,471.446075 256.903625,469.303101 
	C249.553314,470.706024 242.661545,471.456512 236.137283,473.425049 
	C229.566437,475.407593 223.667740,478.897034 222.257172,487.385651 
	C221.399673,490.643005 219.568161,493.969238 223.057175,497.106873 
	C229.594986,495.022156 236.365646,494.979584 241.768524,499.491547 
	C249.220871,505.715210 255.976898,512.772644 263.589600,520.003296 
	C260.868866,520.003296 258.451080,520.003967 256.033295,520.003174 
	C245.971771,519.999939 243.083145,518.029663 239.525528,508.744751 
	C237.814224,504.278473 234.886536,503.292511 230.097839,504.122955 
	C225.952942,504.841797 221.667877,508.937073 217.622833,505.540710 
	C214.673706,503.064575 212.959946,499.117065 210.231567,495.151184 
	C210.161758,495.177124 208.769012,495.294617 207.984116,496.046570 
	C198.237137,505.384583 194.163834,521.511414 202.664749,534.584534 
	C205.500000,538.944580 208.148285,543.426331 210.882050,547.852478 
	C212.412231,546.868408 213.805161,545.230164 215.299561,545.131714 
	C225.176117,544.480774 234.653061,546.025574 241.834625,553.487366 
	C247.095901,558.953918 251.065231,565.735107 256.618896,570.831360 
	C263.880798,577.495056 272.137329,583.074768 280.236755,589.723694 
	C290.341858,600.395874 301.720276,609.311279 315.311523,615.183533 
	C324.089783,618.976318 331.925110,624.067505 337.899109,631.699158 
	C339.256836,633.433594 340.608551,635.172852 342.862335,638.063232 
	C342.933044,629.479004 341.147858,622.782471 336.677673,617.253540 
	C331.832550,611.260925 326.100281,605.991577 321.112946,600.103516 
	C319.998077,598.787292 320.374115,596.208252 320.767395,594.433167 
	C337.568298,599.844666 353.603638,606.923462 368.683289,616.154175 
	C377.015839,621.254761 383.120483,628.527832 388.905731,636.838623 
z"></path>
<path fill="#CE3A46" opacity="1.000000" stroke="none" d="
M279.966003,589.120850 
	C272.137329,583.074768 263.880798,577.495056 256.618896,570.831360 
	C251.065231,565.735107 247.095901,558.953918 241.834625,553.487366 
	C234.653061,546.025574 225.176117,544.480774 215.299561,545.131714 
	C213.805161,545.230164 212.412231,546.868408 210.882050,547.852478 
	C208.148285,543.426331 205.500000,538.944580 202.664749,534.584534 
	C194.163834,521.511414 198.237137,505.384583 207.984116,496.046570 
	C208.769012,495.294617 210.161758,495.177124 210.231567,495.151184 
	C212.959946,499.117065 214.673706,503.064575 217.622833,505.540710 
	C221.667877,508.937073 225.952942,504.841797 230.097839,504.122955 
	C234.886536,503.292511 237.814224,504.278473 239.525528,508.744751 
	C243.083145,518.029663 245.971771,519.999939 256.033295,520.003174 
	C258.451080,520.003967 260.868866,520.003296 263.589600,520.003296 
	C255.976898,512.772644 249.220871,505.715210 241.768524,499.491547 
	C236.365646,494.979584 229.594986,495.022156 223.057175,497.106873 
	C219.568161,493.969238 221.399673,490.643005 222.996033,487.124847 
	C234.676529,484.821350 244.620743,485.643036 253.359161,494.037445 
	C260.285675,500.691254 269.219055,504.526703 278.666718,506.325623 
	C288.609039,508.218719 298.731293,509.151337 308.701111,510.919769 
	C320.528564,513.017761 327.131256,519.857422 329.400146,531.575012 
	C329.794159,533.610046 330.205017,535.641785 330.771149,538.497559 
	C331.971985,537.079041 332.691681,536.445007 333.147186,535.658081 
	C339.126862,525.328003 338.433228,515.460876 331.006348,506.091400 
	C335.521027,504.291809 340.770966,503.418854 344.417755,500.525421 
	C357.295441,490.307922 353.967255,471.839020 341.296875,462.295471 
	C334.369934,457.078003 326.183167,455.041718 317.603790,455.028534 
	C274.276947,454.961914 230.945877,455.337677 187.625061,454.821808 
	C171.562057,454.630524 155.348312,454.010193 140.080612,447.287170 
	C128.083252,442.004211 118.310684,434.275330 110.450050,423.925201 
	C99.480789,409.481903 93.714020,392.767609 91.245415,375.194275 
	C89.113083,360.014709 87.628532,344.490234 88.305618,329.226776 
	C89.454575,303.326111 94.008514,277.779968 106.046486,254.389420 
	C110.901833,244.955154 116.288513,235.288605 123.535965,227.748856 
	C129.490784,221.553894 138.186630,217.489731 146.318756,213.997437 
	C162.821640,206.910355 180.524323,207.691788 198.450226,208.509949 
	C197.578018,211.619629 196.685150,214.568436 194.968613,216.914627 
	C178.856491,238.936981 170.225128,263.456696 172.156708,290.781036 
	C174.055923,317.647919 185.886093,339.713806 208.679291,354.751129 
	C228.459061,367.800323 251.058289,371.972504 274.300323,372.948120 
	C295.737335,373.847900 317.196564,374.206207 338.639618,374.980011 
	C357.187836,375.649323 374.746429,380.552124 391.725616,387.845703 
	C395.037415,389.268341 396.158417,390.665894 393.891754,394.118652 
	C392.179840,396.726440 390.763306,399.925537 393.936005,403.344452 
	C394.958405,401.773407 395.715759,400.538422 396.542236,399.351624 
	C400.736572,393.328674 404.026154,392.645142 409.726807,397.165314 
	C413.360382,400.046417 416.975647,403.136505 419.862213,406.725555 
	C423.274139,410.967865 425.892151,415.848755 428.996063,420.673157 
	C417.762726,424.626251 414.722260,428.127960 416.053070,435.081543 
	C416.972321,434.071136 417.733917,433.306732 418.413635,432.475372 
	C423.730499,425.972198 431.268707,426.452087 434.830933,433.926636 
	C437.096497,438.680389 438.875153,443.787659 440.029510,448.925720 
	C442.993835,462.119476 442.293640,475.458862 439.693085,488.585693 
	C431.821655,528.318176 408.713287,555.544922 371.239685,570.660400 
	C367.239685,572.273865 363.078430,573.487549 358.603180,574.927429 
	C354.261536,576.026367 350.890594,575.136292 347.459564,572.776550 
	C344.356903,570.642639 340.782928,569.003052 337.197357,567.799072 
	C327.563019,564.564392 315.852753,569.225403 313.027802,577.295959 
	C312.558960,578.635315 312.765930,580.588684 313.466095,581.788147 
	C313.779907,582.325806 316.174530,581.983459 317.464020,581.555481 
	C321.681885,580.155823 325.825775,578.533325 329.999054,576.998291 
	C330.000000,577.000000 330.005280,577.004883 329.964355,577.395142 
	C329.681213,580.112183 329.438995,582.438965 329.077637,585.909851 
	C332.127502,584.656372 333.942200,584.010132 335.668213,583.179688 
	C338.959656,581.596191 341.756989,581.904358 343.960815,585.464722 
	C343.964020,588.802063 343.964020,591.711487 343.964020,595.231445 
	C349.146545,593.233582 353.968597,591.374695 358.790649,589.515808 
	C359.262756,589.863647 359.734833,590.211426 360.206940,590.559204 
	C359.448151,593.976379 358.721436,597.401123 357.921051,600.808533 
	C357.198273,603.885437 357.549469,605.491394 361.513550,605.114441 
	C364.076202,604.870667 367.199493,605.440857 369.320618,606.809875 
	C372.612549,608.934570 375.813080,611.659668 378.072876,614.828735 
	C382.720581,621.346619 388.661804,627.353943 388.913055,636.155334 
	C383.120483,628.527832 377.015839,621.254761 368.683289,616.154175 
	C353.603638,606.923462 337.568298,599.844666 320.253510,593.999390 
	C318.129059,592.490173 316.617218,590.694641 314.891632,590.458069 
	C305.037231,589.106934 295.142700,588.003418 285.233490,587.140686 
	C283.547882,586.993896 281.725281,588.420837 279.966003,589.120850 
M277.786011,551.286072 
	C275.637848,551.194275 273.393585,550.700073 271.381927,551.180237 
	C270.372711,551.421143 268.870636,553.737244 269.154633,554.600830 
	C271.428436,561.515442 284.123383,567.693665 291.355988,565.689514 
	C287.359833,557.195557 283.993561,553.449402 277.786011,551.286072 
M394.275085,417.528198 
	C385.181580,421.770203 382.945282,429.321259 388.536224,433.926270 
	C391.635468,430.263519 394.067261,424.970795 397.965851,423.457855 
	C401.918610,421.923920 407.320557,424.124298 411.796051,424.654541 
	C409.941315,417.736084 404.341034,414.998352 394.275085,417.528198 
M152.679214,356.134277 
	C149.073929,361.798157 150.270874,366.285004 156.801239,369.652802 
	C156.148041,358.126038 163.770569,356.249268 173.190384,356.328156 
	C167.780182,351.912720 159.969757,351.825714 152.679214,356.134277 
M165.215881,381.846588 
	C169.304977,380.158112 173.394058,378.469635 177.598160,376.733673 
	C173.713837,373.782379 169.086014,373.218201 164.201523,375.571838 
	C159.863129,377.662262 156.956451,381.056152 157.183624,386.100891 
	C157.355927,389.927032 159.196564,393.019501 162.314377,395.029297 
	C163.223938,390.479950 164.020050,386.498016 165.215881,381.846588 
M131.736633,365.064972 
	C127.069489,369.982513 126.839363,374.346588 131.510895,378.951965 
	C131.649048,369.138733 137.552750,366.389679 146.242599,367.170013 
	C142.795837,362.408447 139.336380,361.902405 131.736633,365.064972 
M378.182129,399.078033 
	C374.921783,400.020203 371.275146,400.344910 368.508240,402.075836 
	C365.662201,403.856293 365.011902,407.054443 368.601807,410.755737 
	C371.848114,401.571320 379.713043,404.652893 386.197235,403.971313 
	C386.255920,403.401550 386.314636,402.831787 386.373322,402.262054 
	C383.917023,401.228119 381.460724,400.194214 378.182129,399.078033 
M367.078369,430.246918 
	C367.307648,431.280426 367.536957,432.313934 368.040833,434.585083 
	C370.665588,427.763763 375.487030,426.634827 381.173187,426.072601 
	C378.801788,424.513763 376.321075,423.243286 373.901764,423.351044 
	C370.321381,423.510498 367.786346,425.718567 367.078369,430.246918 
M211.560104,526.877014 
	C212.061127,528.329102 212.161484,530.403564 213.176605,531.057007 
	C214.178925,531.702209 216.447495,531.373535 217.510590,530.590088 
	C218.248505,530.046326 217.885880,528.009155 218.014969,526.639221 
	C215.983932,526.503174 213.952881,526.367126 211.560104,526.877014 
z"></path>
<path fill="#229765" opacity="1.000000" stroke="none" d="
M396.091187,86.953934 
	C403.560699,91.958298 411.223724,96.705124 418.401245,102.098122 
	C421.140900,104.156639 423.446808,107.413055 424.779022,110.611481 
	C429.344208,121.571686 438.897278,125.135223 449.081238,127.913383 
	C451.431458,128.554520 453.930267,128.887924 456.368164,128.930099 
	C467.262115,129.118652 471.699799,132.422440 475.031708,143.771912 
	C475.262146,145.254883 475.572113,146.136017 475.882080,147.017151 
	C475.882080,147.017151 476.024506,147.423019 476.181244,147.831528 
	C476.503296,148.493805 476.683105,148.736862 476.877441,148.969193 
	C476.597748,152.032333 476.318085,155.095459 475.708801,158.781860 
	C474.942749,160.649811 474.506317,161.894501 474.069885,163.139206 
	C474.069885,163.139206 473.971466,163.561600 473.591064,163.886932 
	C467.737976,168.832321 462.114716,172.467392 454.897278,166.666138 
	C453.530701,166.063400 452.237061,165.296646 451.218018,165.566528 
	C445.023346,167.207062 439.086945,165.646088 435.144470,161.427338 
	C427.822235,153.591965 418.786499,151.200256 412.308502,150.645874 
	C414.461212,153.468063 417.769775,158.905090 422.134003,163.291931 
	C430.528229,171.729721 441.659454,173.213715 452.963135,174.159378 
	C453.043488,175.025955 453.092529,175.521011 453.032654,176.357361 
	C449.783447,183.870102 445.178345,188.281342 442.527130,186.284592 
	C442.436371,185.102097 442.332855,183.753571 442.166260,181.583145 
	C438.659485,185.858826 435.582184,186.139435 431.986420,182.798660 
	C430.489716,181.408096 427.978760,181.180084 426.165680,180.045273 
	C421.560211,177.162720 416.628693,174.567566 412.672455,170.936874 
	C406.935852,165.672302 400.564636,161.944382 392.970490,161.018845 
	C385.911865,160.158585 378.734192,160.243912 371.606110,159.991882 
	C357.980988,159.510132 346.595367,150.672058 344.502319,138.601013 
	C344.019897,135.818680 344.431122,132.881409 344.431122,130.015427 
	C344.224731,129.982590 344.018341,129.949768 343.811920,129.916931 
	C342.573242,132.939362 341.334564,135.961777 340.041687,139.107605 
	C339.914429,139.495102 339.922211,139.758209 339.949951,140.272644 
	C339.695404,140.998154 339.501801,141.471344 338.900696,141.968079 
	C331.535553,145.439713 324.101410,148.179947 317.715698,152.477859 
	C302.717041,162.572739 295.616455,176.820694 297.525513,195.204407 
	C299.771118,216.829224 318.102722,230.541107 336.093048,234.859772 
	C359.190887,240.404495 382.760590,238.755615 406.213989,238.930649 
	C425.480377,239.074402 444.868805,238.413849 463.979553,240.334412 
	C494.872925,243.439133 522.674744,253.897751 544.065125,278.313751 
	C563.685120,300.708954 574.281433,326.192352 575.022461,355.892792 
	C575.368530,369.764465 574.940308,383.523804 571.188965,397.026337 
	C570.692078,398.814819 571.573181,400.986115 571.816040,402.980133 
	C566.585205,417.627045 560.535889,432.153992 549.653076,443.310486 
	C543.454834,449.664612 534.898438,454.635254 526.480896,457.661621 
	C517.223816,460.989838 506.907257,461.371155 496.283997,463.048645 
	C495.300446,463.062347 495.085236,463.063812 494.869995,463.065277 
	C494.869995,463.065277 494.459808,463.072266 493.884888,462.915283 
	C487.265930,462.734039 481.221832,462.709808 475.177765,462.685547 
	C474.776886,462.747772 474.376007,462.809998 473.844971,462.441406 
	C474.180634,460.715790 474.646423,459.420959 475.423584,458.007019 
	C477.175354,456.286530 478.615723,454.685181 480.274872,452.898315 
	C480.995758,452.141846 481.497864,451.570923 482.199158,450.727905 
	C483.593323,448.656982 484.926697,446.934052 485.961945,445.047546 
	C496.959442,425.006989 502.205261,403.715729 500.068848,380.761261 
	C497.213928,350.087189 482.250366,327.400055 455.535156,312.209656 
	C434.589203,300.299683 411.773407,297.240051 388.170837,296.924347 
	C368.396118,296.659851 348.596008,296.171417 328.873291,294.818237 
	C313.379883,293.755219 298.361023,289.845947 284.137604,283.270569 
	C280.167908,281.435394 277.411041,279.862732 280.796936,274.884827 
	C283.033600,271.596497 282.161652,268.665100 279.560913,265.810059 
	C275.363739,277.141968 271.381226,278.348389 261.834412,270.831207 
	C254.694229,265.209045 248.895355,258.397736 245.335358,250.161499 
	C252.576218,250.842194 257.294037,245.675797 256.010162,240.003204 
	C252.404129,241.328766 248.718140,242.683731 244.707428,243.918045 
	C242.191727,240.816711 239.119934,238.143082 237.956085,234.804367 
	C231.538635,216.394852 231.637268,197.725449 236.050720,178.788986 
	C242.606079,150.662476 256.419800,127.362877 280.019440,110.309212 
	C285.519043,106.335060 291.337006,102.801506 297.391418,99.003708 
	C300.959076,97.974205 304.243408,97.248810 307.308838,95.990227 
	C314.848297,92.894760 321.620239,94.068497 328.156403,99.258118 
	C329.281097,99.641052 330.130676,99.839882 330.990662,100.020096 
	C331.001129,100.001465 330.979095,100.035210 331.197388,100.304825 
	C332.941284,101.061928 334.466888,101.549423 335.995544,102.017563 
	C335.998657,101.998207 335.979706,102.033203 336.260803,102.284378 
	C341.467346,105.009369 346.273895,104.121895 351.018494,102.004021 
	C350.999420,101.985115 350.987732,102.037582 351.270142,101.970520 
	C352.043213,101.607712 352.533875,101.311974 353.010437,101.003677 
	C352.996338,100.991119 352.999634,101.028732 353.282959,100.969048 
	C354.054047,100.611153 354.541870,100.312935 355.012939,100.000061 
	C354.996155,99.985413 354.994995,100.029961 355.293060,99.958366 
	C356.132019,99.596054 356.672913,99.305336 357.365448,98.899323 
	C357.710144,98.616898 357.880341,98.429031 358.280945,97.939850 
	C359.255005,93.848869 359.975800,90.038475 360.574951,85.922791 
	C357.712708,81.265587 355.424591,84.164490 353.382477,86.232857 
	C349.690826,89.971916 345.470459,91.830475 339.664612,91.244293 
	C341.745117,85.102715 341.578735,79.730484 337.047150,75.014999 
	C333.792816,77.613510 330.706451,80.077888 326.671936,83.299355 
	C326.671936,80.577805 327.069183,79.231079 326.600067,78.340942 
	C324.963806,75.236229 323.430054,71.865158 320.969025,69.532532 
	C320.197235,68.801003 316.623962,71.025185 314.516693,71.826599 
	C312.289734,69.489174 310.067169,66.517075 307.245209,64.312050 
	C298.097687,57.164265 291.872528,47.720623 286.397522,37.808624 
	C284.681335,34.701675 282.399506,30.566986 286.206757,26.885593 
	C293.793610,39.448586 303.828705,49.802895 316.718994,56.604591 
	C327.430511,62.256626 339.011200,66.261391 350.713623,71.197975 
	C365.163239,79.510124 380.565613,83.409760 396.091187,86.953934 
M285.998016,264.786102 
	C285.998016,264.786102 285.765198,264.879242 285.765198,264.879242 
	C285.765198,264.879242 285.826935,265.143768 286.109741,265.648376 
	C286.668274,266.169647 287.226807,266.690948 288.199585,267.738464 
	C289.137451,268.663361 290.075439,269.588104 291.013092,270.513184 
	C293.925171,273.386078 297.250366,274.915558 301.292114,273.189728 
	C305.262085,271.494568 307.042023,268.000305 306.771759,264.038391 
	C306.560333,260.938782 305.035950,257.928772 303.993042,254.838272 
	C303.993042,254.838272 303.849487,255.120483 303.851532,255.954666 
	C304.336670,260.810272 303.318573,265.416107 298.363892,267.001373 
	C295.328491,267.972534 291.640869,266.905243 287.903717,266.289825 
	C287.311890,265.807098 286.720062,265.324371 285.998016,264.786102 
M287.907593,239.393250 
	C287.597504,238.973526 287.287415,238.553787 286.730316,237.731598 
	C285.732178,238.590164 284.317627,239.251434 283.802399,240.338806 
	C280.003632,248.356140 272.026337,251.234085 264.070862,247.271683 
	C262.452026,246.465393 260.862335,245.600632 259.126343,244.563293 
	C258.957916,244.610001 258.789490,244.656708 258.621033,244.703400 
	C258.699188,244.837860 258.777344,244.972321 259.075684,245.770828 
	C262.771667,252.922699 268.749481,256.109467 276.077301,254.834381 
	C281.511993,253.888718 284.747742,249.596832 286.073792,241.686142 
	C286.233887,240.731125 286.697784,239.827057 287.274902,239.320175 
	C287.456970,239.593002 287.663239,239.846069 288.136078,240.714661 
	C289.520050,242.354828 290.719696,244.208405 292.323669,245.593872 
	C296.605133,249.292160 300.982941,249.834869 304.081879,247.339447 
	C307.359985,244.699738 308.027191,239.805099 305.785950,234.837936 
	C302.656860,244.875870 298.461243,246.335327 289.473267,240.523666 
	C289.058105,240.255249 288.580536,240.083328 287.907593,239.393250 
M509.973907,275.942444 
	C509.973907,275.942444 510.000000,276.000000 509.954071,276.875214 
	C509.295288,280.421844 509.288391,284.266571 507.833130,287.448944 
	C505.316284,292.952789 499.677704,292.641052 494.142029,292.660431 
	C499.453430,296.488464 504.864258,296.980316 508.862610,294.353577 
	C513.622681,291.226532 513.503113,286.580261 512.537415,281.870422 
	C512.118286,279.826111 510.871094,277.951599 509.973907,275.942444 
M524.033508,301.713928 
	C524.033508,301.713928 523.755615,301.843109 523.755615,301.843109 
	C523.755615,301.843109 523.812500,302.162170 524.088379,302.793030 
	C526.512085,307.127289 530.594910,309.159576 534.949280,307.623901 
	C538.155579,306.493134 541.643677,303.670532 543.114807,300.673401 
	C545.544250,295.723907 543.423340,290.417145 541.669434,285.443573 
	C541.106018,287.634369 541.523865,289.877808 541.009094,291.881622 
	C540.216309,294.967590 539.398926,298.377960 537.492554,300.777130 
	C533.729675,305.512695 528.781067,303.131409 524.033508,301.713928 
M501.012726,312.761566 
	C501.012726,312.761566 500.768829,312.867523 500.768829,312.867523 
	C500.768829,312.867523 500.827087,313.145569 501.263092,313.669922 
	C503.351501,314.980011 505.312744,316.589905 507.553619,317.540588 
	C512.976379,319.841125 518.117737,318.892120 520.774841,315.452393 
	C523.447449,311.992706 522.946777,306.718140 519.279358,301.660889 
	C519.066650,302.863159 518.929382,303.823334 518.724243,304.768768 
	C517.057007,312.453491 513.327759,315.012115 505.516937,313.784821 
	C504.047821,313.553955 502.607239,313.141418 501.012726,312.761566 
M400.245239,110.107109 
	C391.914185,106.084396 391.914185,106.084396 389.079376,109.474831 
	C394.118286,113.399475 398.439087,118.504814 406.954895,118.716965 
	C404.507355,115.396812 402.696228,112.939964 400.245239,110.107109 
M498.535645,311.492920 
	C498.535645,311.492920 498.498383,311.501617 498.535645,311.492920 
z"></path>
<path fill="#BE323E" opacity="1.000000" stroke="none" d="
M358.991974,574.886719 
	C363.078430,573.487549 367.239685,572.273865 371.239685,570.660400 
	C408.713287,555.544922 431.821655,528.318176 439.693085,488.585693 
	C442.293640,475.458862 442.993835,462.119476 440.029510,448.925720 
	C438.875153,443.787659 437.096497,438.680389 434.830933,433.926636 
	C431.268707,426.452087 423.730499,425.972198 418.413635,432.475372 
	C417.733917,433.306732 416.972321,434.071136 416.053070,435.081543 
	C414.722260,428.127960 417.762726,424.626251 428.996063,420.673157 
	C425.892151,415.848755 423.274139,410.967865 419.862213,406.725555 
	C416.975647,403.136505 413.360382,400.046417 409.726807,397.165314 
	C404.026154,392.645142 400.736572,393.328674 396.542236,399.351624 
	C395.715759,400.538422 394.958405,401.773407 393.936005,403.344452 
	C390.763306,399.925537 392.179840,396.726440 393.891754,394.118652 
	C396.158417,390.665894 395.037415,389.268341 391.725616,387.845703 
	C374.746429,380.552124 357.187836,375.649323 338.639618,374.980011 
	C317.196564,374.206207 295.737335,373.847900 274.300323,372.948120 
	C251.058289,371.972504 228.459061,367.800323 208.679291,354.751129 
	C185.886093,339.713806 174.055923,317.647919 172.156708,290.781036 
	C170.225128,263.456696 178.856491,238.936981 194.968613,216.914627 
	C196.685150,214.568436 197.578018,211.619629 198.910309,208.594101 
	C199.178970,209.721069 199.778442,211.268845 199.544098,212.677963 
	C195.231140,238.612946 194.716980,264.435699 203.932938,289.457367 
	C214.124207,317.127045 233.892914,334.424683 263.097046,339.729309 
	C273.000214,341.528137 283.263733,341.787842 293.373230,341.916748 
	C317.191559,342.220428 341.025574,341.621460 364.835083,342.172241 
	C379.909241,342.520966 394.959290,343.964813 409.219513,349.886047 
	C434.950653,360.570312 450.941071,379.489288 456.781738,406.559113 
	C459.064362,417.138275 460.787476,428.104401 460.653351,438.867950 
	C460.502655,450.963379 457.967163,463.029266 456.464142,475.107361 
	C456.305603,476.381470 456.113922,477.651428 455.768036,480.146790 
	C461.486298,477.202271 466.317322,474.714630 472.601562,471.478668 
	C467.446869,487.766907 458.820770,500.471283 448.069336,511.967468 
	C448.236633,512.424927 448.403931,512.882446 448.571228,513.339905 
	C455.109192,512.656311 461.647156,511.972687 468.130249,511.294800 
	C458.879364,528.764099 442.970276,539.007202 426.927734,549.102783 
	C429.773590,552.215088 429.773590,552.215088 449.328186,554.579834 
	C443.265015,558.049988 437.532135,562.436890 431.059021,564.769043 
	C422.019714,568.025574 412.445801,569.822998 403.062134,572.085144 
	C399.837585,572.862610 398.987091,573.931030 401.500092,576.595642 
	C404.309174,579.574219 406.961639,582.700562 410.502777,586.686096 
	C397.543945,585.978699 384.896210,585.288269 370.702118,584.513428 
	C372.832825,588.035950 374.088684,590.985229 376.093964,593.279480 
	C385.847748,604.438538 390.119904,617.626892 391.073944,632.131531 
	C391.240204,634.658630 391.361542,637.189270 391.445648,639.720154 
	C391.452728,639.932617 391.016693,640.159729 390.332886,640.814270 
	C389.803955,639.340820 389.354828,638.089722 388.909393,636.496948 
	C388.661804,627.353943 382.720581,621.346619 378.072876,614.828735 
	C375.813080,611.659668 372.612549,608.934570 369.320618,606.809875 
	C367.199493,605.440857 364.076202,604.870667 361.513550,605.114441 
	C357.549469,605.491394 357.198273,603.885437 357.921051,600.808533 
	C358.721436,597.401123 359.448151,593.976379 360.206940,590.559204 
	C359.734833,590.211426 359.262756,589.863647 358.790649,589.515808 
	C353.968597,591.374695 349.146545,593.233582 343.964020,595.231445 
	C343.964020,591.711487 343.964020,588.802063 344.308136,585.342163 
	C346.635376,583.945251 348.598450,582.442017 350.605469,582.380798 
	C355.746216,582.224121 358.098114,579.509644 358.991974,574.886719 
z"></path>
<path fill="#1B8357" opacity="1.000000" stroke="none" d="
M297.008484,99.065231 
	C291.337006,102.801506 285.519043,106.335060 280.019440,110.309212 
	C256.419800,127.362877 242.606079,150.662476 236.050720,178.788986 
	C231.637268,197.725449 231.538635,216.394852 237.956085,234.804367 
	C239.119934,238.143082 242.191727,240.816711 244.832642,244.188354 
	C246.825378,246.507828 247.981049,248.415573 244.986282,250.100586 
	C248.895355,258.397736 254.694229,265.209045 261.834412,270.831207 
	C271.381226,278.348389 275.363739,277.141968 279.560913,265.810059 
	C282.161652,268.665100 283.033600,271.596497 280.796936,274.884827 
	C277.411041,279.862732 280.167908,281.435394 284.137604,283.270569 
	C298.361023,289.845947 313.379883,293.755219 328.873291,294.818237 
	C348.596008,296.171417 368.396118,296.659851 388.170837,296.924347 
	C411.773407,297.240051 434.589203,300.299683 455.535156,312.209656 
	C482.250366,327.400055 497.213928,350.087189 500.068848,380.761261 
	C502.205261,403.715729 496.959442,425.006989 485.961945,445.047546 
	C484.926697,446.934052 483.593323,448.656982 481.945068,450.769989 
	C481.013245,451.750702 480.534668,452.417267 480.056091,453.083801 
	C478.615723,454.685181 477.175354,456.286530 475.316223,457.677063 
	C474.238617,456.300049 473.579742,455.133911 472.920898,453.967743 
	C472.980377,453.530090 473.039825,453.092407 473.435974,452.074951 
	C475.838806,440.990387 476.241241,430.478821 473.901215,419.956085 
	C473.927887,419.517914 473.954559,419.079742 474.146057,417.944946 
	C474.315186,412.171875 474.688202,407.058624 474.187286,402.032501 
	C473.880127,398.950256 472.233887,396.001495 471.188965,392.992798 
	C471.113770,392.564911 471.038574,392.136993 471.065796,391.078247 
	C469.822235,384.908417 468.722778,379.291473 467.008484,373.868896 
	C466.325806,371.709381 464.283203,369.979767 462.859711,368.054443 
	C462.233154,367.265900 461.606628,366.477356 461.020203,365.122375 
	C460.008911,363.049164 458.957520,361.542328 457.906097,360.035492 
	C457.587799,359.961365 457.333862,359.791199 456.925659,359.128113 
	C456.539368,358.488312 456.360962,358.253510 456.171814,358.026855 
	C455.197388,356.893921 454.222931,355.760986 453.039124,354.010864 
	C451.873962,352.600739 450.918182,351.807770 449.962433,351.014801 
	C449.373260,350.549500 448.784058,350.084198 447.975464,349.027893 
	C445.141754,346.636597 442.527405,344.836304 439.913086,343.036011 
	C439.913086,343.036011 439.431946,342.960846 439.032776,342.749756 
	C438.410187,342.348389 438.173676,342.175934 437.924103,342.021393 
	C437.924103,342.021393 437.985413,342.019928 437.807556,341.772705 
	C436.714691,341.035095 435.799622,340.544678 434.884552,340.054291 
	C434.346497,339.896790 433.808411,339.739258 432.937744,339.044617 
	C430.378540,337.681702 428.152008,336.855896 425.925446,336.030121 
	C425.925446,336.030121 425.463074,335.931213 425.087402,335.560730 
	C421.347198,332.098572 417.508301,330.781799 412.977417,332.053955 
	C412.536804,332.015045 412.096222,331.976135 411.221252,331.688049 
	C410.183624,331.310944 409.580353,331.183044 408.977112,331.055115 
	C408.232727,330.999695 407.488373,330.944275 406.198120,330.605530 
	C404.426483,330.234924 403.200684,330.147644 401.974884,330.060364 
	C401.230652,329.999603 400.486420,329.938812 399.175964,329.571289 
	C397.073334,329.201843 395.536957,329.139130 394.000580,329.076385 
	C390.969757,329.010315 387.938965,328.944244 384.202026,328.552124 
	C379.598297,327.816589 375.698334,327.044678 371.803558,327.069916 
	C362.523254,327.129944 353.245331,327.566498 343.558441,327.885590 
	C342.058136,327.883057 340.965881,327.845947 339.500488,327.671326 
	C332.446716,327.641327 325.766083,327.748749 318.747589,327.907104 
	C317.735382,328.068481 317.061005,328.178925 316.056854,328.108429 
	C314.140472,327.979492 312.553864,328.031525 310.967285,328.083557 
	C309.261230,328.071747 307.555206,328.059937 305.194183,328.055756 
	C304.539215,328.063416 304.080536,328.085083 304.080536,328.085083 
	C300.028595,328.028503 295.976624,327.971924 291.269043,327.600525 
	C289.073029,327.196716 287.532623,327.107727 285.992249,327.018738 
	C285.548645,326.982269 285.105072,326.945770 284.170593,326.529816 
	C279.444977,325.453705 275.210297,324.757050 270.975586,324.060394 
	C270.533752,324.025757 270.091919,323.991119 269.117859,323.623291 
	C267.350739,322.878082 266.115906,322.466125 264.881073,322.054199 
	C264.449890,322.025208 264.018677,321.996246 263.115540,321.745972 
	C262.429779,321.334198 262.201599,321.162842 261.959045,321.010620 
	C260.510406,320.375031 259.061798,319.739441 257.217804,318.610596 
	C254.845062,317.093536 252.867722,316.069672 250.890381,315.045807 
	C246.018021,310.938843 241.145676,306.831909 236.063324,302.095947 
	C234.883514,300.321899 233.913696,299.176849 232.943863,298.031769 
	C232.943863,298.031769 232.994049,298.001312 232.933197,297.682678 
	C231.877777,296.257233 230.883194,295.150391 229.888611,294.043579 
	C229.272232,293.272034 228.655853,292.500458 227.936890,291.098694 
	C227.183655,289.660828 226.533035,288.853210 225.882401,288.045563 
	C225.589294,287.571503 225.296188,287.097443 225.058868,286.076355 
	C224.373917,284.366669 223.633179,283.203979 222.892426,282.041321 
	C222.261292,280.929138 221.630157,279.816986 221.051147,278.089539 
	C219.535995,271.282532 218.024918,265.075317 216.331009,258.918427 
	C216.116898,258.140198 214.943085,257.625946 214.213913,256.989410 
	C214.138596,256.559113 214.063278,256.128845 214.072052,255.143631 
	C213.842987,253.722992 213.529831,252.857285 213.216675,251.991562 
	C213.141571,251.561356 213.066467,251.131149 213.091827,250.114807 
	C212.865936,248.350418 212.539566,247.172150 212.213196,245.993896 
	C212.133636,245.259293 212.054092,244.524689 212.099564,243.113678 
	C211.892258,240.621796 211.559921,238.806351 211.227585,236.990891 
	C211.177689,230.306244 211.127792,223.621613 211.389816,216.248108 
	C211.758514,213.354141 211.815277,211.149002 211.872040,208.943878 
	C211.947510,206.919144 212.022995,204.894424 212.366028,202.287262 
	C212.716141,200.785965 212.798676,199.867081 212.881226,198.948196 
	C212.956650,197.895966 213.032059,196.843735 213.373383,195.247238 
	C213.717606,193.783783 213.795929,192.864578 213.874237,191.945389 
	C213.946976,191.209198 214.019699,190.472992 214.335175,189.260773 
	C214.696518,188.180756 214.815094,187.576752 214.933685,186.972748 
	C214.977982,186.533707 215.022278,186.094666 215.402893,185.129395 
	C216.944748,181.233047 218.423325,177.931641 219.292404,174.476898 
	C220.628601,169.165436 219.659088,168.123001 214.426727,169.046036 
	C211.109863,169.631165 210.139542,168.430969 210.646851,165.349808 
	C210.833801,164.214355 210.846985,163.050308 210.939423,161.899292 
	C211.030579,161.587234 211.208847,161.337326 211.965118,160.895340 
	C212.954376,159.736389 213.452759,158.831619 213.951141,157.926849 
	C213.951141,157.926849 213.976044,157.986191 214.267334,157.855774 
	C215.354904,156.457748 216.151169,155.190125 216.947449,153.922485 
	C216.947433,153.922485 216.972504,153.982635 217.275482,153.867233 
	C218.711624,152.156158 219.844803,150.560486 220.977997,148.964813 
	C220.977982,148.964813 221.000824,149.002777 221.309601,148.887634 
	C223.723236,146.129028 225.828079,143.485535 227.932953,140.842041 
	C228.007080,140.537369 228.172073,140.294388 228.996918,139.984863 
	C232.350204,137.192490 235.134537,134.528366 237.918854,131.864227 
	C237.918854,131.864227 237.930374,131.485229 237.910461,131.019165 
	C234.522644,129.903564 231.154739,129.254028 227.395981,128.529129 
	C229.007278,125.811646 230.467300,123.349289 231.927307,120.886932 
	C231.927307,120.886925 231.968719,120.950394 232.281967,120.897522 
	C233.703537,119.849426 234.811859,118.854187 235.920197,117.858948 
	C235.920181,117.858940 235.936157,117.921120 236.280746,117.887482 
	C238.431152,117.122665 240.286194,116.492645 242.033997,115.642235 
	C248.521851,112.485565 254.977814,109.263184 261.438080,106.050041 
	C263.307281,105.120369 265.150726,104.138947 267.005981,103.181259 
	C267.291748,103.027412 267.539154,102.826363 267.683563,102.036942 
	C264.139252,99.791611 260.659576,98.087440 256.502472,96.051498 
	C258.375580,95.315315 259.525665,95.051407 260.473450,94.462112 
	C271.705902,87.478348 284.207703,87.795364 296.683228,88.299095 
	C298.187103,88.359825 300.197723,89.749962 300.895203,91.086632 
	C301.370392,91.997292 300.069519,93.940407 299.372772,95.326347 
	C298.713593,96.637451 297.806519,97.823929 297.008484,99.065231 
z"></path>
<path fill="#26A36D" opacity="1.000000" stroke="none" d="
M571.882629,402.669281 
	C571.573181,400.986115 570.692078,398.814819 571.188965,397.026337 
	C574.940308,383.523804 575.368530,369.764465 575.022461,355.892792 
	C574.281433,326.192352 563.685120,300.708954 544.065125,278.313751 
	C522.674744,253.897751 494.872925,243.439133 463.979553,240.334412 
	C444.868805,238.413849 425.480377,239.074402 406.213989,238.930649 
	C382.760590,238.755615 359.190887,240.404495 336.093048,234.859772 
	C318.102722,230.541107 299.771118,216.829224 297.525513,195.204407 
	C295.616455,176.820694 302.717041,162.572739 317.715698,152.477859 
	C324.101410,148.179947 331.535553,145.439713 338.843628,142.434784 
	C340.121155,148.887787 341.048309,154.897644 341.975464,160.907501 
	C338.194244,162.932846 333.541107,164.154968 330.796051,167.134827 
	C322.700958,175.922287 318.682526,186.239288 322.841431,198.368149 
	C326.445007,208.877411 334.780212,213.701782 344.939636,214.716339 
	C356.458466,215.866623 368.116058,215.868393 379.715454,215.924713 
	C409.866241,216.071136 440.018158,215.977448 470.169647,215.971619 
	C479.053925,215.969894 487.970306,215.446945 496.816254,216.021286 
	C520.268311,217.544022 540.511658,225.800095 556.270447,244.186340 
	C570.596008,260.900421 577.694763,280.555023 582.003174,301.598206 
	C582.232178,302.716461 582.076050,303.913574 582.000366,305.732849 
	C582.228638,307.264648 582.555725,308.137604 582.882690,309.010590 
	C582.952454,310.703491 583.022156,312.396423 582.950562,314.821228 
	C583.182678,317.370667 583.556030,319.188171 583.929443,321.005676 
	C583.971802,322.703461 584.014099,324.401245 583.919678,326.816101 
	C583.873535,329.028564 583.964111,330.523956 584.054688,332.019379 
	C584.036255,336.037079 584.017761,340.054749 583.691895,344.723083 
	C583.285645,346.926147 583.186768,348.478577 583.087891,350.031006 
	C583.070435,352.396484 583.053040,354.761963 582.707153,357.735565 
	C582.283691,359.574188 582.188721,360.804688 582.093750,362.035187 
	C582.042603,362.774536 581.991394,363.513885 581.623169,364.832153 
	C580.914246,367.956787 580.522278,370.502502 580.130310,373.048218 
	C580.063416,373.479614 579.996582,373.911041 579.596375,374.876831 
	C577.545288,381.954498 575.827515,388.497711 574.109741,395.040955 
	C574.062622,395.476654 574.015564,395.912323 573.628845,396.872101 
	C572.872375,398.627441 572.455627,399.858734 572.038818,401.089996 
	C572.008911,401.512817 571.979065,401.935608 571.882629,402.669281 
z"></path>
<path fill="#197C52" opacity="1.000000" stroke="none" d="
M297.391418,99.003708 
	C297.806519,97.823929 298.713593,96.637451 299.372772,95.326347 
	C300.069519,93.940407 301.370392,91.997292 300.895203,91.086632 
	C300.197723,89.749962 298.187103,88.359825 296.683228,88.299095 
	C284.207703,87.795364 271.705902,87.478348 260.473450,94.462112 
	C259.525665,95.051407 258.375580,95.315315 256.502472,96.051498 
	C260.659576,98.087440 264.139252,99.791611 267.769043,101.812492 
	C261.512939,100.699318 255.106781,99.269440 248.700592,97.839569 
	C248.641418,97.386444 248.582245,96.933319 248.523056,96.480202 
	C263.814331,87.589340 280.646301,85.046280 299.636383,86.120384 
	C297.246368,83.147530 295.678986,81.197876 293.341827,78.290787 
	C298.033325,78.290787 301.833771,78.290787 305.992706,78.290787 
	C290.376678,63.009666 281.605652,44.780647 282.022644,22.740593 
	C282.454041,22.468939 282.885437,22.197285 283.316803,21.925631 
	C284.240326,23.336834 285.163849,24.748037 286.147034,26.522415 
	C282.399506,30.566986 284.681335,34.701675 286.397522,37.808624 
	C291.872528,47.720623 298.097687,57.164265 307.245209,64.312050 
	C310.067169,66.517075 312.289734,69.489174 314.516693,71.826599 
	C316.623962,71.025185 320.197235,68.801003 320.969025,69.532532 
	C323.430054,71.865158 324.963806,75.236229 326.600067,78.340942 
	C327.069183,79.231079 326.671936,80.577805 326.671936,83.299355 
	C330.706451,80.077888 333.792816,77.613510 337.047150,75.014999 
	C341.578735,79.730484 341.745117,85.102715 339.664612,91.244293 
	C345.470459,91.830475 349.690826,89.971916 353.382477,86.232857 
	C355.424591,84.164490 357.712708,81.265587 360.326294,86.135880 
	C359.475342,90.509636 358.751495,94.365028 358.027649,98.220421 
	C357.880341,98.429031 357.710144,98.616898 357.068176,98.987106 
	C356.077850,99.470116 355.536407,99.750038 354.994995,100.029961 
	C354.994995,100.029961 354.996155,99.985413 354.743530,100.093414 
	C353.993774,100.477188 353.496704,100.752953 352.999634,101.028732 
	C352.999634,101.028732 352.996338,100.991119 352.740173,101.097641 
	C351.985229,101.481956 351.486481,101.759766 350.987732,102.037582 
	C350.987732,102.037582 350.999420,101.985115 350.549561,101.996452 
	C345.393036,102.016258 340.686371,102.024727 335.979706,102.033203 
	C335.979706,102.033203 335.998657,101.998207 335.733978,101.796173 
	C333.972565,101.074493 332.475830,100.554855 330.979095,100.035217 
	C330.979095,100.035210 331.001129,100.001465 330.828857,99.809853 
	C329.731476,99.436829 328.806366,99.255424 327.881256,99.074020 
	C321.620239,94.068497 314.848297,92.894760 307.308838,95.990227 
	C304.243408,97.248810 300.959076,97.974205 297.391418,99.003708 
z"></path>
<path fill="#1B8156" opacity="1.000000" stroke="none" d="
M342.246002,161.124039 
	C341.048309,154.897644 340.121155,148.887787 339.251099,142.411255 
	C339.501801,141.471344 339.695404,140.998154 339.971619,140.013519 
	C340.068085,139.329453 340.081970,139.156845 340.095886,138.984222 
	C341.334564,135.961777 342.573242,132.939362 343.811920,129.916931 
	C344.018341,129.949768 344.224731,129.982590 344.431122,130.015427 
	C344.431122,132.881409 344.019897,135.818680 344.502319,138.601013 
	C346.595367,150.672058 357.980988,159.510132 371.606110,159.991882 
	C378.734192,160.243912 385.911865,160.158585 392.970490,161.018845 
	C400.564636,161.944382 406.935852,165.672302 412.672455,170.936874 
	C416.628693,174.567566 421.560211,177.162720 426.165680,180.045273 
	C427.978760,181.180084 430.489716,181.408096 431.986420,182.798660 
	C435.582184,186.139435 438.659485,185.858826 442.166260,181.583145 
	C442.332855,183.753571 442.436371,185.102097 442.527130,186.284592 
	C445.178345,188.281342 449.783447,183.870102 453.324707,176.353897 
	C454.118134,176.005081 454.510712,176.001022 454.903259,175.996979 
	C454.928406,176.168198 454.953552,176.339432 454.794128,176.950699 
	C454.414856,177.639191 454.229156,177.894196 454.052399,178.155731 
	C450.543793,189.835144 441.205383,194.753067 430.623962,197.943024 
	C426.418579,199.210831 421.936279,199.552032 417.586853,200.352264 
	C413.487610,201.106476 412.137299,199.723038 413.195892,195.694656 
	C413.443970,194.750687 414.033386,193.901993 414.371429,192.975082 
	C415.535675,189.782516 415.540009,187.275436 411.894470,185.259933 
	C407.742615,182.964508 404.004150,179.906296 400.147644,177.095108 
	C394.040924,172.643661 386.913666,172.258545 379.899445,172.623749 
	C367.720428,173.257843 355.920746,172.917877 345.762451,164.979126 
	C344.502289,163.994293 343.590027,162.564301 342.246002,161.124039 
z"></path>
<path fill="#C0333F" opacity="1.000000" stroke="none" d="
M330.691101,505.909912 
	C338.433228,515.460876 339.126862,525.328003 333.147186,535.658081 
	C332.691681,536.445007 331.971985,537.079041 330.771149,538.497559 
	C330.205017,535.641785 329.794159,533.610046 329.400146,531.575012 
	C327.131256,519.857422 320.528564,513.017761 308.701111,510.919769 
	C298.731293,509.151337 288.609039,508.218719 278.666718,506.325623 
	C269.219055,504.526703 260.285675,500.691254 253.359161,494.037445 
	C244.620743,485.643036 234.676529,484.821350 223.310242,486.907776 
	C223.667740,478.897034 229.566437,475.407593 236.137283,473.425049 
	C242.661545,471.456512 249.553314,470.706024 256.903625,469.303101 
	C256.777466,471.446075 257.065918,472.722870 256.576752,473.526093 
	C255.654419,475.040649 253.042892,476.723694 253.337738,477.553131 
	C254.154617,479.851196 255.751190,482.184784 257.665009,483.729584 
	C270.135468,493.795959 284.216980,499.630249 300.519928,498.761383 
	C311.191101,498.192627 321.074921,500.616669 330.691101,505.909912 
z"></path>
<path fill="#1B8156" opacity="1.000000" stroke="none" d="
M395.944702,86.645493 
	C380.565613,83.409760 365.163239,79.510124 351.097107,71.161751 
	C337.407135,60.927666 325.635620,40.467300 330.801422,24.077404 
	C331.509552,24.532192 332.546997,24.815027 332.707397,25.357288 
	C337.358704,41.083092 349.857880,49.542252 362.840790,57.185257 
	C375.793274,64.810356 387.468964,73.611618 395.944702,86.645493 
z"></path>
<path fill="#C0333F" opacity="1.000000" stroke="none" d="
M280.101379,589.422241 
	C281.725281,588.420837 283.547882,586.993896 285.233490,587.140686 
	C295.142700,588.003418 305.037231,589.106934 314.891632,590.458069 
	C316.617218,590.694641 318.129059,592.490173 319.901672,593.888123 
	C320.374115,596.208252 319.998077,598.787292 321.112946,600.103516 
	C326.100281,605.991577 331.832550,611.260925 336.677673,617.253540 
	C341.147858,622.782471 342.933044,629.479004 342.862335,638.063232 
	C340.608551,635.172852 339.256836,633.433594 337.899109,631.699158 
	C331.925110,624.067505 324.089783,618.976318 315.311523,615.183533 
	C301.720276,609.311279 290.341858,600.395874 280.101379,589.422241 
z"></path>
<path fill="#197C52" opacity="1.000000" stroke="none" d="
M210.654083,162.092133 
	C210.846985,163.050308 210.833801,164.214355 210.646851,165.349808 
	C210.139542,168.430969 211.109863,169.631165 214.426727,169.046036 
	C219.659088,168.123001 220.628601,169.165436 219.292404,174.476898 
	C218.423325,177.931641 216.944748,181.233047 215.466309,184.804550 
	C216.144089,180.275513 217.094788,175.545090 218.286377,169.615982 
	C213.027374,171.654526 208.735626,173.318146 203.114761,175.496948 
	C205.886017,170.449539 208.127380,166.367264 210.654083,162.092133 
z"></path>
<path fill="#197C52" opacity="1.000000" stroke="none" d="
M231.582520,120.946091 
	C230.467300,123.349289 229.007278,125.811646 227.395981,128.529129 
	C231.154739,129.254028 234.522644,129.903564 237.907639,130.829590 
	C231.561462,132.045837 225.198212,132.985550 218.834976,133.925262 
	C218.586472,133.651154 218.337967,133.377029 218.089462,133.102905 
	C222.472214,129.070358 226.854980,125.037804 231.582520,120.946091 
z"></path>
<path fill="#197C52" opacity="1.000000" stroke="none" d="
M343.966461,327.850952 
	C353.245331,327.566498 362.523254,327.129944 371.803558,327.069916 
	C375.698334,327.044678 379.598297,327.816589 383.751495,328.493774 
	C372.955688,328.817261 361.904297,328.873108 350.054871,328.703125 
	C347.493408,328.268524 345.729919,328.059753 343.966461,327.850952 
z"></path>
<path fill="#1B8357" opacity="1.000000" stroke="none" d="
M455.087982,175.672943 
	C454.510712,176.001022 454.118134,176.005081 453.433563,176.012604 
	C453.092529,175.521011 453.043488,175.025955 452.982971,173.802368 
	C453.680023,171.042938 454.388580,169.012070 455.097137,166.981216 
	C462.114716,172.467392 467.737976,168.832321 473.520996,164.092163 
	C472.315460,168.529083 469.238068,171.117096 464.482513,172.150299 
	C461.329773,172.835251 458.337067,174.257004 455.087982,175.672943 
z"></path>
<path fill="#197C52" opacity="1.000000" stroke="none" d="
M473.620270,420.228394 
	C476.241241,430.478821 475.838806,440.990387 473.505798,451.751160 
	C473.272369,441.505005 473.305847,431.002869 473.620270,420.228394 
z"></path>
<path fill="#197C52" opacity="1.000000" stroke="none" d="
M266.614990,103.129166 
	C265.150726,104.138947 263.307281,105.120369 261.438080,106.050041 
	C254.977814,109.263184 248.521851,112.485565 242.033997,115.642235 
	C240.286194,116.492645 238.431152,117.122665 236.248932,117.883240 
	C244.797440,110.528290 255.048477,105.856964 266.614990,103.129166 
z"></path>
<path fill="#197C52" opacity="1.000000" stroke="none" d="
M471.136108,393.408020 
	C472.233887,396.001495 473.880127,398.950256 474.187286,402.032501 
	C474.688202,407.058624 474.315186,412.171875 474.130554,417.615997 
	C473.301483,412.358063 472.660553,406.731537 472.000427,401.107300 
	C471.715149,398.676880 471.390198,396.251129 471.136108,393.408020 
z"></path>
<path fill="#197C52" opacity="1.000000" stroke="none" d="
M462.907501,368.428070 
	C464.283203,369.979767 466.325806,371.709381 467.008484,373.868896 
	C468.722778,379.291473 469.822235,384.908417 471.020020,390.755249 
	C468.233002,383.642639 465.594147,376.222168 462.907501,368.428070 
z"></path>
<path fill="#197C52" opacity="1.000000" stroke="none" d="
M214.156403,257.380096 
	C214.943085,257.625946 216.116898,258.140198 216.331009,258.918427 
	C218.024918,265.075317 219.535995,271.282532 220.989349,277.767426 
	C218.616577,271.297302 216.357742,264.534058 214.156403,257.380096 
z"></path>
<path fill="#229765" opacity="1.000000" stroke="none" d="
M574.413086,394.831451 
	C575.827515,388.497711 577.545288,381.954498 579.529236,375.197418 
	C578.632080,379.813568 577.497253,384.650665 576.290344,389.469727 
	C575.854614,391.209412 575.246094,392.905792 574.413086,394.831451 
z"></path>
<path fill="#1B8357" opacity="1.000000" stroke="none" d="
M475.503845,462.948883 
	C481.221832,462.709808 487.265930,462.734039 493.682434,462.948181 
	C487.979889,463.162811 481.904907,463.187531 475.503845,462.948883 
z"></path>
<path fill="#5D726D" opacity="1.000000" stroke="none" d="
M343.558441,327.885559 
	C345.729919,328.059753 347.493408,328.268524 349.582367,328.657471 
	C339.033997,328.859406 328.160126,328.881195 316.843079,328.723511 
	C316.399933,328.544067 316.386658,328.289368 316.386658,328.289368 
	C317.061005,328.178925 317.735382,328.068481 319.206482,327.945068 
	C326.626678,327.891022 333.250153,327.849915 339.873596,327.808807 
	C340.965881,327.845947 342.058136,327.883057 343.558441,327.885559 
z"></path>
<path fill="#197C52" opacity="1.000000" stroke="none" d="
M271.225586,324.350006 
	C275.210297,324.757050 279.444977,325.453705 283.843445,326.463379 
	C279.829987,326.064117 275.652771,325.351868 271.225586,324.350006 
z"></path>
<path fill="#197C52" opacity="1.000000" stroke="none" d="
M413.215149,332.345123 
	C417.508301,330.781799 421.347198,332.098572 424.860504,335.494385 
	C421.157104,334.744476 417.304993,333.690369 413.215149,332.345123 
z"></path>
<path fill="#197C52" opacity="1.000000" stroke="none" d="
M237.580444,131.931152 
	C235.134537,134.528366 232.350204,137.192490 229.201675,139.893845 
	C231.638992,137.286743 234.440506,134.642410 237.580444,131.931152 
z"></path>
<path fill="#197C52" opacity="1.000000" stroke="none" d="
M472.637207,454.226257 
	C473.579742,455.133911 474.238617,456.300049 475.004822,457.796204 
	C474.646423,459.420959 474.180634,460.715790 473.542175,462.394836 
	C469.865112,460.402069 472.784851,457.238159 472.637207,454.226257 
z"></path>
<path fill="#197C52" opacity="1.000000" stroke="none" d="
M227.632904,140.997589 
	C225.828079,143.485535 223.723236,146.129028 221.290466,148.876343 
	C223.085983,146.371155 225.209427,143.762146 227.632904,140.997589 
z"></path>
<path fill="#197C52" opacity="1.000000" stroke="none" d="
M440.073212,343.333130 
	C442.527405,344.836304 445.141754,346.636597 447.855103,348.768494 
	C445.380524,347.276825 442.806915,345.453552 440.073212,343.333130 
z"></path>
<path fill="#229765" opacity="1.000000" stroke="none" d="
M580.429382,372.809814 
	C580.522278,370.502502 580.914246,367.956787 581.564819,365.198608 
	C581.458496,367.514526 581.093506,370.042969 580.429382,372.809814 
z"></path>
<path fill="#197C52" opacity="1.000000" stroke="none" d="
M211.588898,209.226868 
	C211.815277,211.149002 211.758514,213.354141 211.443634,215.782669 
	C211.225586,213.840668 211.265671,211.675262 211.588898,209.226868 
z"></path>
<path fill="#197C52" opacity="1.000000" stroke="none" d="
M426.122437,336.321899 
	C428.152008,336.855896 430.378540,337.681702 432.776733,338.811127 
	C430.738708,338.281097 428.529083,337.447418 426.122437,336.321899 
z"></path>
<path fill="#197C52" opacity="1.000000" stroke="none" d="
M251.060715,315.334900 
	C252.867722,316.069672 254.845062,317.093536 256.919708,318.440063 
	C255.088348,317.716492 253.159698,316.670227 251.060715,315.334900 
z"></path>
<path fill="#229765" opacity="1.000000" stroke="none" d="
M583.990601,320.608582 
	C583.556030,319.188171 583.182678,317.370667 582.986206,315.243896 
	C583.459290,316.693604 583.755554,318.452545 583.990601,320.608582 
z"></path>
<path fill="#197C52" opacity="1.000000" stroke="none" d="
M211.162811,237.386505 
	C211.559921,238.806351 211.892258,240.621796 212.056610,242.746338 
	C211.625092,241.297668 211.361557,239.539902 211.162811,237.386505 
z"></path>
<path fill="#197C52" opacity="1.000000" stroke="none" d="
M220.667892,149.088440 
	C219.844803,150.560486 218.711624,152.156158 217.246368,153.852600 
	C218.062119,152.372910 219.209946,150.792480 220.667892,149.088440 
z"></path>
<path fill="#197C52" opacity="1.000000" stroke="none" d="
M457.948608,360.372498 
	C458.957520,361.542328 460.008911,363.049164 460.951721,364.817902 
	C459.892426,363.623047 458.941803,362.166260 457.948608,360.372498 
z"></path>
<path fill="#229765" opacity="1.000000" stroke="none" d="
M583.399780,349.805176 
	C583.186768,348.478577 583.285645,346.926147 583.638672,345.182861 
	C583.832458,346.521118 583.772034,348.050232 583.399780,349.805176 
z"></path>
<path fill="#197C52" opacity="1.000000" stroke="none" d="
M394.242920,329.363892 
	C395.536957,329.139130 397.073334,329.201843 398.808594,329.504456 
	C397.500061,329.713409 395.992645,329.682404 394.242920,329.363892 
z"></path>
<path fill="#197C52" opacity="1.000000" stroke="none" d="
M286.231628,327.314545 
	C287.532623,327.107727 289.073029,327.196716 290.810242,327.527130 
	C289.495087,327.715820 287.983063,327.663086 286.231628,327.314545 
z"></path>
<path fill="#197C52" opacity="1.000000" stroke="none" d="
M316.056854,328.108398 
	C316.386658,328.289368 316.399933,328.544067 316.402405,328.671722 
	C314.772827,328.757019 313.140839,328.714630 311.238037,328.377930 
	C312.553864,328.031525 314.140472,327.979492 316.056854,328.108398 
z"></path>
<path fill="#229765" opacity="1.000000" stroke="none" d="
M584.355713,331.821960 
	C583.964111,330.523956 583.873535,329.028564 583.954712,327.239563 
	C584.303162,328.505493 584.479919,330.065002 584.355713,331.821960 
z"></path>
<path fill="#197C52" opacity="1.000000" stroke="none" d="
M235.593658,117.918350 
	C234.811859,118.854187 233.703537,119.849426 232.247192,120.882469 
	C233.021835,119.939445 234.144485,118.958603 235.593658,117.918350 
z"></path>
<path fill="#229765" opacity="1.000000" stroke="none" d="
M582.390137,361.820770 
	C582.188721,360.804688 582.283691,359.574188 582.616882,358.170349 
	C582.798950,359.200134 582.742798,360.403259 582.390137,361.820770 
z"></path>
<path fill="#197C52" opacity="1.000000" stroke="none" d="
M212.147766,246.351166 
	C212.539566,247.172150 212.865936,248.350418 213.042603,249.790817 
	C212.622696,248.938110 212.352509,247.823273 212.147766,246.351166 
z"></path>
<path fill="#197C52" opacity="1.000000" stroke="none" d="
M402.204193,330.340820 
	C403.200684,330.147644 404.426483,330.234924 405.828400,330.554260 
	C404.814178,330.731293 403.623840,330.676270 402.204193,330.340820 
z"></path>
<path fill="#197C52" opacity="1.000000" stroke="none" d="
M222.943558,282.367676 
	C223.633179,283.203979 224.373917,284.366669 225.005295,285.790131 
	C224.262177,284.931946 223.628433,283.813019 222.943558,282.367676 
z"></path>
<path fill="#197C52" opacity="1.000000" stroke="none" d="
M216.643982,154.052887 
	C216.151169,155.190125 215.354904,156.457748 214.238785,157.840958 
	C214.726120,156.698792 215.533310,155.441040 216.643982,154.052887 
z"></path>
<path fill="#197C52" opacity="1.000000" stroke="none" d="
M229.946014,294.370056 
	C230.883194,295.150391 231.877777,296.257233 232.918472,297.708038 
	C231.977539,296.933533 230.990479,295.815063 229.946014,294.370056 
z"></path>
<path fill="#197C52" opacity="1.000000" stroke="none" d="
M232.999329,298.357849 
	C233.913696,299.176849 234.883514,300.321899 235.890564,301.816895 
	C234.970139,301.005859 234.012466,299.844879 232.999329,298.357849 
z"></path>
<path fill="#197C52" opacity="1.000000" stroke="none" d="
M213.617096,192.160889 
	C213.795929,192.864578 213.717606,193.783783 213.426971,194.855164 
	C213.263077,194.130386 213.311523,193.253387 213.617096,192.160889 
z"></path>
<path fill="#229765" opacity="1.000000" stroke="none" d="
M572.337769,400.915100 
	C572.455627,399.858734 572.872375,398.627441 573.547119,397.190613 
	C573.415588,398.236725 573.026184,399.488464 572.337769,400.915100 
z"></path>
<path fill="#197C52" opacity="1.000000" stroke="none" d="
M212.622284,199.161652 
	C212.798676,199.867081 212.716141,200.785965 212.420273,201.856033 
	C212.259079,201.129852 212.311203,200.252487 212.622284,199.161652 
z"></path>
<path fill="#1B8357" opacity="1.000000" stroke="none" d="
M474.362732,162.958694 
	C474.506317,161.894501 474.942749,160.649811 475.640594,159.194458 
	C475.486511,160.248611 475.071045,161.513397 474.362732,162.958694 
z"></path>
<path fill="#1B8357" opacity="1.000000" stroke="none" d="
M475.952972,146.683487 
	C475.572113,146.136017 475.262146,145.254883 475.088501,144.143188 
	C475.491119,144.725021 475.757507,145.537415 475.952972,146.683487 
z"></path>
<path fill="#197C52" opacity="1.000000" stroke="none" d="
M213.153061,252.321625 
	C213.529831,252.857285 213.842987,253.722992 214.028961,254.818512 
	C213.631012,254.249420 213.360229,253.450546 213.153061,252.321625 
z"></path>
<path fill="#197C52" opacity="1.000000" stroke="none" d="
M450.092285,351.297668 
	C450.918182,351.807770 451.873962,352.600739 452.906067,353.719238 
	C452.062286,353.223389 451.142212,352.401947 450.092285,351.297668 
z"></path>
<path fill="#229765" opacity="1.000000" stroke="none" d="
M582.931274,308.674316 
	C582.555725,308.137604 582.228638,307.264648 582.036621,306.161255 
	C582.441040,306.733185 582.710388,307.535614 582.931274,308.674316 
z"></path>
<path fill="#197C52" opacity="1.000000" stroke="none" d="
M265.073669,322.328003 
	C266.115906,322.466125 267.350739,322.878082 268.794891,323.544556 
	C267.758209,323.399994 266.512268,323.000885 265.073669,322.328003 
z"></path>
<path fill="#197C52" opacity="1.000000" stroke="none" d="
M213.664764,158.076294 
	C213.452759,158.831619 212.954376,159.736389 212.179749,160.802826 
	C212.395126,160.051575 212.886734,159.138657 213.664764,158.076294 
z"></path>
<path fill="#197C52" opacity="1.000000" stroke="none" d="
M435.041687,340.337097 
	C435.799622,340.544678 436.714691,341.035095 437.796265,341.801208 
	C437.041473,341.591248 436.120148,341.105591 435.041687,340.337097 
z"></path>
<path fill="#197C52" opacity="1.000000" stroke="none" d="
M225.930084,288.368439 
	C226.533035,288.853210 227.183655,289.660828 227.893890,290.790375 
	C227.294907,290.305298 226.636337,289.498291 225.930084,288.368439 
z"></path>
<path fill="#197C52" opacity="1.000000" stroke="none" d="
M409.135773,331.306030 
	C409.580353,331.183044 410.183624,331.310944 410.896851,331.618195 
	C410.436066,331.717316 409.865234,331.637115 409.135773,331.306030 
z"></path>
<path fill="#197C52" opacity="1.000000" stroke="none" d="
M214.686646,187.135773 
	C214.815094,187.576752 214.696518,188.180756 214.400146,188.896606 
	C214.294785,188.438568 214.367203,187.868683 214.686646,187.135773 
z"></path>
<path fill="#1B8357" opacity="1.000000" stroke="none" d="
M476.875671,148.717865 
	C476.683105,148.736862 476.503296,148.493805 476.234100,148.039993 
	C476.378113,148.048813 476.626007,148.257690 476.875671,148.717865 
z"></path>
<path fill="#1B8357" opacity="1.000000" stroke="none" d="
M454.287476,178.046722 
	C454.229156,177.894196 454.414856,177.639191 454.760254,177.208069 
	C454.781494,177.329514 454.652039,177.633606 454.287476,178.046722 
z"></path>
<path fill="#197C52" opacity="1.000000" stroke="none" d="
M262.049286,321.228973 
	C262.201599,321.162842 262.429779,321.334198 262.800293,321.670593 
	C262.603058,321.873749 262.330566,321.750702 262.049286,321.228973 
z"></path>
<path fill="#1B8357" opacity="1.000000" stroke="none" d="
M494.978699,463.280945 
	C495.085236,463.063812 495.300446,463.062347 495.838531,463.074188 
	C495.803375,463.223877 495.445374,463.360260 494.978699,463.280945 
z"></path>
<path fill="#197C52" opacity="1.000000" stroke="none" d="
M304.156982,328.238708 
	C304.080536,328.085083 304.539215,328.063416 304.767822,328.069366 
	C304.742096,328.181000 304.487762,328.286652 304.156982,328.238708 
z"></path>
<path fill="#197C52" opacity="1.000000" stroke="none" d="
M456.182861,358.271759 
	C456.360962,358.253510 456.539368,358.488312 456.822632,358.918762 
	C456.592590,359.032898 456.344452,358.836395 456.182861,358.271759 
z"></path>
<path fill="#197C52" opacity="1.000000" stroke="none" d="
M438.020660,342.244202 
	C438.173676,342.175934 438.410187,342.348389 438.798492,342.683502 
	C438.600464,342.897308 438.318420,342.776886 438.020660,342.244202 
z"></path>
<path fill="#B62E3A" opacity="1.000000" stroke="none" d="
M358.603180,574.927490 
	C358.098114,579.509644 355.746216,582.224121 350.605469,582.380798 
	C348.598450,582.442017 346.635376,583.945251 344.304932,584.914307 
	C341.756989,581.904358 338.959656,581.596191 335.668213,583.179688 
	C333.942200,584.010132 332.127502,584.656372 329.077637,585.909851 
	C329.438995,582.438965 329.681213,580.112183 330.056976,577.377991 
	C330.190491,576.970581 330.397003,576.719971 330.397003,576.719971 
	C330.397003,576.719971 329.998108,576.996521 329.998108,576.996521 
	C325.825775,578.533325 321.681885,580.155823 317.464020,581.555481 
	C316.174530,581.983459 313.779907,582.325806 313.466095,581.788147 
	C312.765930,580.588684 312.558960,578.635315 313.027802,577.295959 
	C315.852753,569.225403 327.563019,564.564392 337.197357,567.799072 
	C340.782928,569.003052 344.356903,570.642639 347.459564,572.776550 
	C350.890594,575.136292 354.261536,576.026367 358.603180,574.927490 
z"></path>
<path fill="#A92734" opacity="1.000000" stroke="none" d="
M278.187195,551.383545 
	C283.993561,553.449402 287.359833,557.195557 291.355988,565.689514 
	C284.123383,567.693665 271.428436,561.515442 269.154633,554.600830 
	C268.870636,553.737244 270.372711,551.421143 271.381927,551.180237 
	C273.393585,550.700073 275.637848,551.194275 278.187195,551.383545 
z"></path>
<path fill="#BA303C" opacity="1.000000" stroke="none" d="
M394.645996,417.404968 
	C404.341034,414.998352 409.941315,417.736084 411.796051,424.654541 
	C407.320557,424.124298 401.918610,421.923920 397.965851,423.457855 
	C394.067261,424.970795 391.635468,430.263519 388.536224,433.926270 
	C382.945282,429.321259 385.181580,421.770203 394.645996,417.404968 
z"></path>
<path fill="#BA303C" opacity="1.000000" stroke="none" d="
M152.966492,355.887939 
	C159.969757,351.825714 167.780182,351.912720 173.190384,356.328156 
	C163.770569,356.249268 156.148041,358.126038 156.801239,369.652802 
	C150.270874,366.285004 149.073929,361.798157 152.966492,355.887939 
z"></path>
<path fill="#BA303C" opacity="1.000000" stroke="none" d="
M165.016022,382.181335 
	C164.020050,386.498016 163.223938,390.479950 162.314377,395.029297 
	C159.196564,393.019501 157.355927,389.927032 157.183624,386.100891 
	C156.956451,381.056152 159.863129,377.662262 164.201523,375.571838 
	C169.086014,373.218201 173.713837,373.782379 177.598160,376.733673 
	C173.394058,378.469635 169.304977,380.158112 165.016022,382.181335 
z"></path>
<path fill="#BA303C" opacity="1.000000" stroke="none" d="
M132.062988,364.851959 
	C139.336380,361.902405 142.795837,362.408447 146.242599,367.170013 
	C137.552750,366.389679 131.649048,369.138733 131.510895,378.951965 
	C126.839363,374.346588 127.069489,369.982513 132.062988,364.851959 
z"></path>
<path fill="#B92F3C" opacity="1.000000" stroke="none" d="
M378.593262,399.119141 
	C381.460724,400.194214 383.917023,401.228119 386.373322,402.262054 
	C386.314636,402.831787 386.255920,403.401550 386.197235,403.971313 
	C379.713043,404.652893 371.848114,401.571320 368.601807,410.755737 
	C365.011902,407.054443 365.662201,403.856293 368.508240,402.075836 
	C371.275146,400.344910 374.921783,400.020203 378.593262,399.119141 
z"></path>
<path fill="#B92F3C" opacity="1.000000" stroke="none" d="
M367.104431,429.892273 
	C367.786346,425.718567 370.321381,423.510498 373.901764,423.351044 
	C376.321075,423.243286 378.801788,424.513763 381.173187,426.072601 
	C375.487030,426.634827 370.665588,427.763763 368.040833,434.585083 
	C367.536957,432.313934 367.307648,431.280426 367.104431,429.892273 
z"></path>
<path fill="#911C28" opacity="1.000000" stroke="none" d="
M211.740967,526.554077 
	C213.952881,526.367126 215.983932,526.503174 218.014954,526.639221 
	C217.885880,528.009155 218.248505,530.046326 217.510590,530.590088 
	C216.447495,531.373535 214.178925,531.702209 213.176605,531.057007 
	C212.161484,530.403564 212.061127,528.329102 211.740967,526.554077 
z"></path>
<path fill="#000304" opacity="1.000000" stroke="none" d="
M454.897278,166.666138 
	C454.388580,169.012070 453.680023,171.042938 452.951599,173.430817 
	C441.659454,173.213715 430.528229,171.729721 422.134003,163.291931 
	C417.769775,158.905090 414.461212,153.468063 412.308502,150.645874 
	C418.786499,151.200256 427.822235,153.591965 435.144470,161.427338 
	C439.086945,165.646088 445.023346,167.207062 451.218018,165.566528 
	C452.237061,165.296646 453.530701,166.063400 454.897278,166.666138 
z"></path>
<path fill="#187950" opacity="1.000000" stroke="none" d="
M259.259216,244.762817 
	C260.862335,245.600632 262.452026,246.465393 264.070862,247.271683 
	C272.026337,251.234085 280.003632,248.356140 283.802399,240.338806 
	C284.317627,239.251434 285.732178,238.590164 286.865662,238.123398 
	C287.000977,238.515198 287.020905,238.899368 287.020905,238.899368 
	C286.697784,239.827057 286.233887,240.731125 286.073792,241.686142 
	C284.747742,249.596832 281.511993,253.888718 276.077301,254.834381 
	C268.749481,256.109467 262.771667,252.922699 259.066711,245.353027 
	C259.057739,244.935226 259.259216,244.762817 259.259216,244.762817 
z"></path>
<path fill="#17764E" opacity="1.000000" stroke="none" d="
M501.153503,312.812744 
	C502.607239,313.141418 504.047821,313.553955 505.516937,313.784821 
	C513.327759,315.012115 517.057007,312.453491 518.724243,304.768768 
	C518.929382,303.823334 519.066650,302.863159 519.279358,301.660889 
	C522.946777,306.718140 523.447449,311.992706 520.774841,315.452393 
	C518.117737,318.892120 512.976379,319.841125 507.553619,317.540588 
	C505.312744,316.589905 503.351501,314.980011 501.126923,313.324768 
	C500.990753,312.979614 501.153503,312.812744 501.153503,312.812744 
z"></path>
<path fill="#16744C" opacity="1.000000" stroke="none" d="
M524.195374,301.771088 
	C528.781067,303.131409 533.729675,305.512695 537.492554,300.777130 
	C539.398926,298.377960 540.216309,294.967590 541.009094,291.881622 
	C541.523865,289.877808 541.106018,287.634369 541.669434,285.443573 
	C543.423340,290.417145 545.544250,295.723907 543.114807,300.673401 
	C541.643677,303.670532 538.155579,306.493134 534.949280,307.623901 
	C530.594910,309.159576 526.512085,307.127289 524.046021,302.379700 
	C524.003662,301.966400 524.195374,301.771088 524.195374,301.771088 
z"></path>
<path fill="#17764E" opacity="1.000000" stroke="none" d="
M304.094940,254.878952 
	C305.035950,257.928772 306.560333,260.938782 306.771759,264.038391 
	C307.042023,268.000305 305.262085,271.494568 301.292114,273.189728 
	C297.250366,274.915558 293.925171,273.386078 291.013092,270.513184 
	C290.075439,269.588104 289.137451,268.663361 288.107635,267.360596 
	C288.015686,266.982727 288.246155,266.753387 288.246155,266.753387 
	C291.640869,266.905243 295.328491,267.972534 298.363892,267.001373 
	C303.318573,265.416107 304.336670,260.810272 303.912354,255.477661 
	C303.973175,255.000671 304.094940,254.878952 304.094940,254.878952 
z"></path>
<path fill="#16744C" opacity="1.000000" stroke="none" d="
M509.977051,276.437622 
	C510.871094,277.951599 512.118286,279.826111 512.537415,281.870422 
	C513.503113,286.580261 513.622681,291.226532 508.862610,294.353577 
	C504.864258,296.980316 499.453430,296.488464 494.142029,292.660431 
	C499.677704,292.641052 505.316284,292.952789 507.833130,287.448944 
	C509.288391,284.266571 509.295288,280.421844 509.977051,276.437622 
z"></path>
<path fill="#17764E" opacity="1.000000" stroke="none" d="
M288.132050,239.866470 
	C288.580536,240.083328 289.058105,240.255249 289.473267,240.523666 
	C298.461243,246.335327 302.656860,244.875870 305.785950,234.837936 
	C308.027191,239.805099 307.359985,244.699738 304.081879,247.339447 
	C300.982941,249.834869 296.605133,249.292160 292.323669,245.593872 
	C290.719696,244.208405 289.520050,242.354828 288.075562,240.343872 
	C288.015045,239.973068 288.132050,239.866470 288.132050,239.866470 
z"></path>
<path fill="#000304" opacity="1.000000" stroke="none" d="
M400.565186,110.295120 
	C402.696228,112.939964 404.507355,115.396812 406.954895,118.716965 
	C398.439087,118.504814 394.118286,113.399475 389.079376,109.474831 
	C391.914185,106.084396 391.914185,106.084396 400.565186,110.295120 
z"></path>
<path fill="#187950" opacity="1.000000" stroke="none" d="
M245.335358,250.161499 
	C247.981049,248.415573 246.825378,246.507828 245.157379,244.309006 
	C248.718140,242.683731 252.404129,241.328766 256.010162,240.003204 
	C257.294037,245.675797 252.576218,250.842194 245.335358,250.161499 
z"></path>
<path fill="#146E48" opacity="1.000000" stroke="none" d="
M336.260803,102.284378 
	C340.686371,102.024727 345.393036,102.016258 350.568665,102.015358 
	C346.273895,104.121895 341.467346,105.009369 336.260803,102.284378 
z"></path>
<path fill="#146E48" opacity="1.000000" stroke="none" d="
M358.280945,97.939850 
	C358.751495,94.365028 359.475342,90.509636 360.447876,86.441162 
	C359.975800,90.038475 359.255005,93.848869 358.280945,97.939850 
z"></path>
<path fill="#146E48" opacity="1.000000" stroke="none" d="
M331.197388,100.304825 
	C332.475830,100.554855 333.972565,101.074493 335.730896,101.815529 
	C334.466888,101.549423 332.941284,101.061928 331.197388,100.304825 
z"></path>
<path fill="#146E48" opacity="1.000000" stroke="none" d="
M328.156403,99.258118 
	C328.806366,99.255424 329.731476,99.436829 330.818420,99.828476 
	C330.130676,99.839882 329.281097,99.641052 328.156403,99.258118 
z"></path>
<path fill="#197C52" opacity="1.000000" stroke="none" d="
M480.274902,452.898315 
	C480.534668,452.417267 481.013245,451.750702 481.745911,451.042053 
	C481.497864,451.570923 480.995758,452.141846 480.274902,452.898315 
z"></path>
<path fill="#17764E" opacity="1.000000" stroke="none" d="
M287.900513,267.097473 
	C287.226807,266.690948 286.668274,266.169647 286.044067,265.320923 
	C285.978363,264.993439 286.128235,264.841614 286.128235,264.841614 
	C286.720062,265.324371 287.311890,265.807098 288.074951,266.521606 
	C288.246155,266.753387 288.015686,266.982727 287.900513,267.097473 
z"></path>
<path fill="#17764E" opacity="1.000000" stroke="none" d="
M287.147888,239.109772 
	C287.020905,238.899368 287.000977,238.515198 286.989136,238.324631 
	C287.287415,238.553787 287.597504,238.973526 288.019836,239.629852 
	C288.132050,239.866470 288.015045,239.973068 287.954407,240.026245 
	C287.663239,239.846069 287.456970,239.593002 287.147888,239.109772 
z"></path>
<path fill="#146E48" opacity="1.000000" stroke="none" d="
M351.270142,101.970512 
	C351.486481,101.759766 351.985229,101.481956 352.754242,101.110199 
	C352.533875,101.311974 352.043213,101.607712 351.270142,101.970512 
z"></path>
<path fill="#187950" opacity="1.000000" stroke="none" d="
M258.956604,245.021011 
	C258.777344,244.972321 258.699188,244.837860 258.621033,244.703400 
	C258.789490,244.656708 258.957916,244.610001 259.192780,244.663055 
	C259.259216,244.762817 259.057739,244.935226 258.956604,245.021011 
z"></path>
<path fill="#146E48" opacity="1.000000" stroke="none" d="
M355.293060,99.958366 
	C355.536407,99.750038 356.077850,99.470116 356.916565,99.102409 
	C356.672913,99.305336 356.132019,99.596054 355.293060,99.958366 
z"></path>
<path fill="#146E48" opacity="1.000000" stroke="none" d="
M353.282959,100.969040 
	C353.496704,100.752953 353.993774,100.477188 354.760284,100.108070 
	C354.541870,100.312935 354.054047,100.611153 353.282959,100.969040 
z"></path>
<path fill="#17764E" opacity="1.000000" stroke="none" d="
M500.908936,313.062592 
	C500.827087,313.145569 500.768829,312.867523 500.768829,312.867523 
	C500.768829,312.867523 501.012726,312.761566 501.083130,312.787170 
	C501.153503,312.812744 500.990753,312.979614 500.908936,313.062592 
z"></path>
<path fill="#17764E" opacity="1.000000" stroke="none" d="
M498.517029,311.497253 
	C498.498383,311.501617 498.535645,311.492920 498.517029,311.497253 
z"></path>
<path fill="#26A36D" opacity="1.000000" stroke="none" d="
M340.041687,139.107605 
	C340.081970,139.156845 340.068085,139.329453 340.032562,139.761200 
	C339.922211,139.758209 339.914429,139.495102 340.041687,139.107605 
z"></path>
<path fill="#16744C" opacity="1.000000" stroke="none" d="
M523.908081,302.064270 
	C523.812500,302.162170 523.755615,301.843109 523.755615,301.843109 
	C523.755615,301.843109 524.033508,301.713928 524.114441,301.742493 
	C524.195374,301.771088 524.003662,301.966400 523.908081,302.064270 
z"></path>
<path fill="#17764E" opacity="1.000000" stroke="none" d="
M303.911316,255.060577 
	C303.849487,255.120483 303.993042,254.838272 304.044006,254.858612 
	C304.094940,254.878952 303.973175,255.000671 303.911316,255.060577 
z"></path>
<path fill="#16744C" opacity="1.000000" stroke="none" d="
M509.986938,275.971222 
	C510.000000,276.000000 509.973907,275.942444 509.986938,275.971222 
z"></path>
<path fill="#17764E" opacity="1.000000" stroke="none" d="
M285.902649,265.068604 
	C285.826935,265.143768 285.765198,264.879242 285.765198,264.879242 
	C285.765198,264.879242 285.998016,264.786102 286.063110,264.813843 
	C286.128235,264.841614 285.978363,264.993439 285.902649,265.068604 
z"></path>
<path fill="#197C52" opacity="1.000000" stroke="none" d="
M339.500488,327.671326 
	C333.250153,327.849915 326.626678,327.891022 319.544342,327.894165 
	C325.766083,327.748749 332.446716,327.641327 339.500488,327.671326 
z"></path>
<path fill="#CE3A46" opacity="1.000000" stroke="none" d="
M329.999054,576.998291 
	C329.998108,576.996521 330.397003,576.719971 330.397003,576.719971 
	C330.397003,576.719971 330.190491,576.970581 330.097900,576.987732 
	C330.005280,577.004883 330.000000,577.000000 329.999054,576.998291 
z"></path>
</svg>